
## top alerts, zone = open x exp(+0.75 x typical excursion), period A
   near = share of alerts within a quarter of a typical excursion of the window's actual extreme;
   further_u = median further move after the alert, in typical excursions; fade = window close vs alert price (bp, + = price came back);
   *_edge = real minus random-sign copies (closes only)
    coins  alerts_per_day   near  further_u  fade_bp  fade_t   hour  near_edge  fade_edge  rate_edge
R                                                                                                   
0       6           0.604  0.181      0.801   33.069   2.947  5.914      0.059    -20.600     -0.090
1       6           0.600  0.170      0.910   20.624   1.807  6.701      0.042    -44.034     -0.096
2       6           0.596  0.170      0.902   27.527   2.335  6.909      0.040    -40.262     -0.095
3       6           0.594  0.175      0.886   29.386   2.579  6.906      0.047    -27.323     -0.089
4       6           0.604  0.177      0.871   35.916   3.142  6.717      0.050    -33.971     -0.082
5       6           0.604  0.187      0.875   33.594   2.868  6.237      0.045    -29.265     -0.087
6       6           0.602  0.183      0.890   38.533   3.125  5.620      0.038    -41.360     -0.093
7       6           0.599  0.174      0.867   34.723   2.986  5.623      0.064    -15.779     -0.088
8       6           0.600  0.179      0.854   32.913   2.768  5.215      0.034    -31.157     -0.091
9       6           0.602  0.182      0.841   48.614   3.933  5.000      0.045    -24.206     -0.097
10      6           0.602  0.187      0.845   44.762   3.937  4.742      0.070    -12.415     -0.091
11      6           0.600  0.181      0.827   47.355   3.935  4.529      0.065     -5.563     -0.092
12      6           0.601  0.188      0.847   48.876   3.888  4.000      0.047    -12.850     -0.094
13      6           0.600  0.187      0.825   43.576   3.703  4.250      0.059     -6.842     -0.092
14      6           0.600  0.183      0.852   41.231   3.393  4.644      0.047    -11.168     -0.097
15      6           0.599  0.188      0.822   64.038   5.368  4.928      0.057      3.446     -0.094
16      6           0.602  0.187      0.826   53.907   4.685  5.737      0.061     -3.089     -0.093
17      6           0.604  0.188      0.823   46.420   4.091  5.927      0.056    -15.373     -0.094
18      6           0.599  0.183      0.825   40.377   3.581  5.735      0.042     -5.077     -0.088
19      6           0.604  0.198      0.809   54.087   4.546  5.000      0.055    -20.828     -0.100
20      6           0.608  0.205      0.794   55.705   5.036  5.000      0.058    -13.715     -0.100
21      6           0.600  0.178      0.837   42.567   3.599  4.619      0.053    -13.098     -0.094
22      6           0.603  0.190      0.829   42.365   3.634  4.714      0.065    -13.341     -0.092
23      6           0.602  0.185      0.827   45.764   3.651  5.523      0.055    -22.105     -0.100

## top alerts, zone = open x exp(+0.75 x typical excursion), period B
   near = share of alerts within a quarter of a typical excursion of the window's actual extreme;
   further_u = median further move after the alert, in typical excursions; fade = window close vs alert price (bp, + = price came back);
   *_edge = real minus random-sign copies (closes only)
    coins  alerts_per_day   near  further_u  fade_bp  fade_t   hour  near_edge  fade_edge  rate_edge
R                                                                                                   
0       8           0.619  0.182      0.846   40.300   4.247  6.212      0.048    -14.601     -0.083
1       8           0.611  0.164      0.886   32.054   3.182  6.165      0.051    -14.189     -0.076
2       8           0.615  0.172      0.882   41.696   4.434  6.457      0.041    -21.613     -0.080
3       8           0.615  0.169      0.884   34.304   3.662  6.654      0.053    -26.498     -0.078
4       8           0.613  0.171      0.886   33.789   3.793  6.509      0.041    -28.125     -0.082
5       8           0.606  0.162      0.920   31.607   3.477  6.457      0.034    -30.087     -0.085
6       8           0.611  0.170      0.930   27.050   3.161  6.155      0.045    -29.349     -0.083
7       8           0.603  0.167      0.946   27.236   3.084  5.459      0.041    -31.861     -0.088
8       8           0.606  0.173      0.904   33.006   3.642  5.546      0.034    -27.397     -0.089
9       8           0.612  0.179      0.889   32.097   3.445  5.000      0.035    -24.367     -0.085
10      8           0.606  0.172      0.922   30.243   3.331  4.624      0.043    -29.955     -0.082
11      8           0.613  0.175      0.917   30.000   3.306  4.006      0.044    -32.967     -0.087
12      8           0.607  0.173      0.935   27.616   3.098  3.156      0.035    -34.078     -0.084
13      8           0.606  0.169      0.921   22.859   2.686  3.147      0.044    -31.275     -0.082
14      8           0.607  0.165      0.920   21.898   2.665  3.145      0.040    -26.581     -0.081
15      8           0.608  0.169      0.935   21.523   2.603  4.000      0.036    -18.104     -0.081
16      8           0.617  0.178      0.859   40.933   4.674  5.012      0.045    -16.539     -0.082
17      8           0.620  0.184      0.837   41.724   4.625  5.052      0.063    -10.806     -0.080
18      8           0.617  0.182      0.865   36.669   4.197  5.857      0.051    -16.332     -0.082
19      8           0.615  0.174      0.867   33.170   3.751  5.490      0.050    -21.363     -0.091
20      8           0.616  0.175      0.871   33.404   3.766  5.603      0.054    -20.670     -0.083
21      8           0.619  0.170      0.886   32.654   3.541  5.347      0.046    -15.855     -0.081
22      8           0.609  0.168      0.921   37.519   3.891  5.478      0.037    -16.634     -0.080
23      8           0.613  0.171      0.885   37.273   3.650  6.324      0.041    -21.059     -0.082

## top alerts, zone = open x exp(+1.0 x typical excursion), period A
   near = share of alerts within a quarter of a typical excursion of the window's actual extreme;
   further_u = median further move after the alert, in typical excursions; fade = window close vs alert price (bp, + = price came back);
   *_edge = real minus random-sign copies (closes only)
    coins  alerts_per_day   near  further_u  fade_bp  fade_t   hour  near_edge  fade_edge  rate_edge
R                                                                                                   
0       6           0.495  0.203      0.809   33.831   2.966  7.966      0.059    -31.153     -0.107
1       6           0.497  0.188      0.876   31.552   2.642  8.805      0.028    -46.875     -0.103
2       6           0.492  0.173      0.919   24.194   2.013  9.179      0.034    -44.595     -0.103
3       6           0.492  0.174      0.873   35.277   2.897  8.702      0.046    -28.015     -0.098
4       6           0.496  0.185      0.850   38.568   3.173  8.297      0.040    -41.116     -0.096
5       6           0.492  0.173      0.875   42.729   3.382  7.828      0.035    -35.935     -0.095
6       6           0.490  0.176      0.882   35.701   2.798  7.550      0.026    -42.411     -0.098
7       6           0.496  0.194      0.854   41.718   3.338  6.938      0.045    -26.094     -0.106
8       6           0.491  0.179      0.857   31.700   2.382  6.770      0.039    -29.383     -0.097
9       6           0.491  0.186      0.826   42.145   3.193  6.529      0.056    -29.353     -0.106
10      6           0.490  0.193      0.821   46.744   3.735  6.119      0.039    -20.962     -0.111
11      6           0.493  0.193      0.831   49.773   3.785  5.861      0.057    -17.729     -0.109
12      6           0.488  0.186      0.856   47.533   3.640  5.428      0.049    -13.407     -0.102
13      6           0.491  0.190      0.822   47.097   3.634  5.961      0.042    -15.063     -0.106
14      6           0.489  0.182      0.873   44.129   3.454  6.295      0.043    -14.888     -0.106
15      6           0.490  0.191      0.811   65.736   5.192  6.971      0.066      1.672     -0.106
16      6           0.493  0.191      0.809   63.716   5.103  7.236      0.048     -7.516     -0.106
17      6           0.491  0.184      0.808   42.371   3.523  7.212      0.052    -11.528     -0.104
18      6           0.492  0.181      0.793   45.429   3.784  6.927      0.067     -0.076     -0.095
19      6           0.485  0.187      0.808   48.801   3.884  6.917      0.044    -21.786     -0.110
20      6           0.482  0.191      0.801   43.507   3.569  7.120      0.052    -19.078     -0.112
21      6           0.494  0.191      0.813   42.485   3.601  7.500      0.040    -15.077     -0.103
22      6           0.489  0.192      0.817   45.955   3.399  7.725      0.043    -19.382     -0.109
23      6           0.490  0.192      0.814   37.487   3.138  7.927      0.052    -28.184     -0.113

## top alerts, zone = open x exp(+1.0 x typical excursion), period B
   near = share of alerts within a quarter of a typical excursion of the window's actual extreme;
   further_u = median further move after the alert, in typical excursions; fade = window close vs alert price (bp, + = price came back);
   *_edge = real minus random-sign copies (closes only)
    coins  alerts_per_day   near  further_u  fade_bp  fade_t   hour  near_edge  fade_edge  rate_edge
R                                                                                                   
0       8           0.509  0.184      0.852   37.651   3.503  8.441      0.054    -23.812     -0.094
1       8           0.514  0.175      0.849   36.361   3.413  8.529      0.041    -22.735     -0.090
2       8           0.508  0.177      0.860   43.296   4.084  8.766      0.042    -28.085     -0.091
3       8           0.507  0.184      0.866   31.221   2.883  8.785      0.037    -37.357     -0.094
4       8           0.504  0.175      0.874   26.038   2.730  8.763      0.039    -32.399     -0.096
5       8           0.508  0.175      0.909   34.216   3.593  8.161      0.040    -36.495     -0.094
6       8           0.501  0.168      0.918   33.452   3.613  7.550      0.028    -35.821     -0.100
7       8           0.501  0.168      0.933   27.577   3.013  6.867      0.026    -38.901     -0.094
8       8           0.501  0.168      0.898   27.671   3.014  6.723      0.038    -29.536     -0.093
9       8           0.502  0.172      0.874   32.760   3.480  6.012      0.053    -29.684     -0.093
10      8           0.502  0.172      0.922   29.203   3.077  5.408      0.033    -35.729     -0.092
11      8           0.505  0.176      0.923   31.200   3.326  5.013      0.035    -38.797     -0.094
12      8           0.504  0.169      0.935   20.255   2.189  4.760      0.030    -36.912     -0.094
13      8           0.506  0.180      0.929   23.330   2.654  4.703      0.040    -40.126     -0.096
14      8           0.505  0.176      0.891   27.319   3.327  4.958      0.034    -29.132     -0.093
15      8           0.504  0.168      0.900   25.745   3.013  6.155      0.035    -21.435     -0.087
16      8           0.508  0.185      0.863   44.130   4.835  7.260      0.053    -17.614     -0.093
17      8           0.503  0.184      0.850   36.099   4.018  7.263      0.053    -20.201     -0.105
18      8           0.504  0.175      0.882   32.006   3.550  7.358      0.057    -24.581     -0.093
19      8           0.510  0.189      0.870   32.074   3.641  7.616      0.040    -32.052     -0.095
20      8           0.512  0.184      0.866   32.121   3.482  7.656      0.037    -33.999     -0.101
21      8           0.510  0.181      0.865   38.118   4.013  7.909      0.057    -23.877     -0.096
22      8           0.511  0.169      0.919   35.955   3.545  8.090      0.043    -20.068     -0.085
23      8           0.508  0.174      0.880   35.227   3.257  8.521      0.050    -26.277     -0.090

## top alerts, zone = open x exp(+1.25 x typical excursion), period A
   near = share of alerts within a quarter of a typical excursion of the window's actual extreme;
   further_u = median further move after the alert, in typical excursions; fade = window close vs alert price (bp, + = price came back);
   *_edge = real minus random-sign copies (closes only)
    coins  alerts_per_day   near  further_u  fade_bp  fade_t    hour  near_edge  fade_edge  rate_edge
R                                                                                                    
0       6           0.394  0.199      0.840   32.530   2.618   9.532      0.051    -43.327     -0.111
1       6           0.403  0.170      0.904   25.652   2.059  10.186      0.031    -47.687     -0.099
2       6           0.405  0.178      0.904   32.839   2.523  10.294      0.042    -42.269     -0.101
3       6           0.406  0.181      0.846   36.592   2.973   9.608      0.046    -27.530     -0.104
4       6           0.404  0.184      0.856   39.825   3.031   9.494      0.027    -40.184     -0.097
5       6           0.408  0.179      0.859   46.044   3.433   8.802      0.048    -31.885     -0.093
6       6           0.404  0.172      0.868   32.786   2.359   8.653      0.042    -42.551     -0.092
7       6           0.398  0.183      0.878   27.793   2.145   7.919      0.023    -25.689     -0.108
8       6           0.403  0.187      0.835   37.738   2.670   8.062      0.054    -29.081     -0.097
9       6           0.398  0.191      0.831   53.576   3.678   7.448      0.030    -28.811     -0.112
10      6           0.395  0.180      0.827   47.494   3.503   7.448      0.046    -19.557     -0.109
11      6           0.396  0.192      0.861   48.428   3.499   7.683      0.031    -20.012     -0.114
12      6           0.396  0.176      0.862   39.480   2.952   7.252      0.025    -18.927     -0.107
13      6           0.398  0.194      0.823   51.843   3.744   7.492      0.048    -12.512     -0.108
14      6           0.401  0.186      0.854   57.264   4.114   7.580      0.029    -11.640     -0.106
15      6           0.396  0.193      0.799   59.081   4.669   8.643      0.038     -2.034     -0.116
16      6           0.401  0.190      0.802   59.169   4.466   8.333      0.054    -11.720     -0.107
17      6           0.402  0.196      0.779   44.196   3.468   8.835      0.047    -16.868     -0.107
18      6           0.403  0.201      0.757   48.900   3.900   8.681      0.057     -3.895     -0.107
19      6           0.395  0.193      0.773   50.882   3.749   9.505      0.057    -23.977     -0.111
20      6           0.391  0.193      0.792   33.695   2.701   9.584      0.056    -17.725     -0.114
21      6           0.401  0.187      0.824   40.388   3.133   9.521      0.048    -12.154     -0.105
22      6           0.394  0.184      0.796   42.393   2.935   9.341      0.049    -23.890     -0.109
23      6           0.392  0.185      0.819   30.253   2.501   9.709      0.039    -28.591     -0.115

## top alerts, zone = open x exp(+1.25 x typical excursion), period B
   near = share of alerts within a quarter of a typical excursion of the window's actual extreme;
   further_u = median further move after the alert, in typical excursions; fade = window close vs alert price (bp, + = price came back);
   *_edge = real minus random-sign copies (closes only)
    coins  alerts_per_day   near  further_u  fade_bp  fade_t    hour  near_edge  fade_edge  rate_edge
R                                                                                                    
0       8           0.414  0.190      0.869   34.281   3.196  10.230      0.044    -33.673     -0.102
1       8           0.422  0.186      0.849   39.018   3.603  10.317      0.050    -32.598     -0.097
2       8           0.415  0.184      0.860   32.047   2.776  10.484      0.041    -37.628     -0.096
3       8           0.410  0.183      0.879   28.003   2.407  10.030      0.034    -45.266     -0.098
4       8           0.413  0.185      0.862   24.440   2.180   9.547      0.042    -40.364     -0.095
5       8           0.414  0.173      0.917   29.276   2.778   9.010      0.025    -46.980     -0.098
6       8           0.417  0.172      0.907   28.187   2.905   8.574      0.027    -39.831     -0.095
7       8           0.416  0.168      0.940   26.836   2.748   7.870      0.018    -42.139     -0.095
8       8           0.414  0.175      0.901   27.056   2.868   7.406      0.041    -35.823     -0.095
9       8           0.415  0.188      0.888   30.840   3.215   7.268      0.036    -39.238     -0.103
10      8           0.416  0.173      0.919   25.664   2.609   6.723      0.031    -41.853     -0.099
11      8           0.417  0.177      0.911   26.545   2.692   6.588      0.027    -45.619     -0.098
12      8           0.418  0.164      0.922   24.084   2.413   6.171      0.030    -40.847     -0.093
13      8           0.413  0.173      0.929   14.960   1.610   6.419      0.024    -46.575     -0.100
14      8           0.414  0.167      0.882   24.281   2.808   7.111      0.053    -32.028     -0.092
15      8           0.418  0.167      0.905   27.022   3.162   7.590      0.044    -22.359     -0.089
16      8           0.411  0.185      0.865   30.039   3.257   8.471      0.044    -26.302     -0.108
17      8           0.406  0.194      0.824   37.345   3.983   8.932      0.043    -30.078     -0.109
18      8           0.417  0.189      0.871   32.194   3.387   9.177      0.037    -33.691     -0.106
19      8           0.413  0.181      0.888   28.469   3.076   9.735      0.036    -37.640     -0.098
20      8           0.413  0.193      0.871   31.581   3.292   9.944      0.043    -42.520     -0.098
21      8           0.417  0.189      0.867   30.360   3.050  10.084      0.029    -35.628     -0.104
22      8           0.424  0.174      0.882   29.752   2.775  10.340      0.032    -29.343     -0.091
23      8           0.422  0.185      0.876   36.836   3.347  10.090      0.045    -34.495     -0.095

## bottom alerts, zone = open x exp(-0.75 x typical excursion), period A
   near = share of alerts within a quarter of a typical excursion of the window's actual extreme;
   further_u = median further move after the alert, in typical excursions; fade = window close vs alert price (bp, + = price came back);
   *_edge = real minus random-sign copies (closes only)
    coins  alerts_per_day   near  further_u  fade_bp  fade_t   hour  near_edge  fade_edge  rate_edge
R                                                                                                   
0       6           0.607  0.204      0.799   74.343   6.298  5.967      0.069     -6.231     -0.097
1       6           0.604  0.180      0.831   50.392   3.962  6.558      0.063    -13.141     -0.098
2       6           0.608  0.180      0.852   47.852   4.168  6.641      0.064    -19.494     -0.096
3       6           0.603  0.178      0.871   44.021   3.643  6.821      0.052    -21.491     -0.096
4       6           0.599  0.174      0.863   47.575   4.006  6.632      0.043    -48.147     -0.102
5       6           0.602  0.184      0.846   43.631   3.556  6.152      0.058    -43.611     -0.101
6       6           0.600  0.166      0.857   42.157   3.483  5.855      0.052    -36.242     -0.096
7       6           0.597  0.176      0.870   54.072   4.400  5.458      0.047    -16.248     -0.102
8       6           0.604  0.180      0.866   57.706   4.701  5.075      0.062    -25.330     -0.101
9       6           0.605  0.183      0.868   57.477   4.794  4.882      0.054    -21.420     -0.103
10      6           0.609  0.170      0.881   53.932   4.351  4.075      0.053    -17.200     -0.104
11      6           0.615  0.183      0.856   60.034   4.892  4.077      0.063    -18.467     -0.100
12      6           0.606  0.177      0.873   52.889   4.395  4.074      0.053    -29.447     -0.098
13      6           0.608  0.179      0.867   52.421   4.432  3.599      0.049    -26.952     -0.100
14      6           0.607  0.175      0.891   47.325   4.145  4.191      0.041    -16.446     -0.096
15      6           0.607  0.188      0.844   60.909   5.559  4.928      0.060    -12.539     -0.100
16      6           0.610  0.191      0.836   68.596   6.402  5.714      0.066     -9.625     -0.102
17      6           0.607  0.183      0.812   65.310   5.336  6.242      0.075     -2.538     -0.093
18      6           0.601  0.178      0.835   73.433   6.099  5.714      0.056    -16.633     -0.097
19      6           0.597  0.177      0.830   65.323   5.283  5.630      0.066    -12.456     -0.105
20      6           0.608  0.184      0.810   61.660   5.478  5.385      0.063     -7.903     -0.101
21      6           0.611  0.193      0.793   64.914   5.875  5.801      0.075      2.666     -0.096
22      6           0.607  0.185      0.796   69.752   6.194  5.802      0.066      4.263     -0.098
23      6           0.608  0.198      0.774   77.282   6.796  6.093      0.070      0.188     -0.103

## bottom alerts, zone = open x exp(-0.75 x typical excursion), period B
   near = share of alerts within a quarter of a typical excursion of the window's actual extreme;
   further_u = median further move after the alert, in typical excursions; fade = window close vs alert price (bp, + = price came back);
   *_edge = real minus random-sign copies (closes only)
    coins  alerts_per_day   near  further_u  fade_bp  fade_t   hour  near_edge  fade_edge  rate_edge
R                                                                                                   
0       8           0.610  0.183      0.866   67.253   7.637  6.660      0.055      1.487     -0.096
1       8           0.606  0.187      0.858   58.172   6.832  6.960      0.060     -2.460     -0.098
2       8           0.600  0.179      0.869   54.226   6.067  7.680      0.046     -9.408     -0.105
3       8           0.599  0.173      0.885   55.182   5.969  8.018      0.047    -10.359     -0.099
4       8           0.602  0.176      0.886   52.542   5.747  7.669      0.051     -5.592     -0.094
5       8           0.599  0.180      0.841   58.436   6.495  7.700      0.052     -0.004     -0.098
6       8           0.610  0.187      0.815   61.449   7.116  7.000      0.063      5.392     -0.100
7       8           0.608  0.182      0.844   60.009   6.808  6.559      0.050     -2.013     -0.097
8       8           0.611  0.185      0.818   55.813   6.622  6.000      0.060     -2.482     -0.098
9       8           0.610  0.186      0.806   57.299   6.873  5.308      0.069      0.845     -0.102
10      8           0.603  0.184      0.776   64.777   7.037  4.853      0.074      5.554     -0.100
11      8           0.611  0.195      0.781   61.054   7.050  4.149      0.075     -0.058     -0.103
12      8           0.606  0.186      0.794   55.449   6.677  3.399      0.085      2.776     -0.091
13      8           0.612  0.189      0.794   56.923   6.730  3.089      0.063      5.053     -0.086
14      8           0.608  0.178      0.819   54.928   6.722  3.235      0.055      1.285     -0.091
15      8           0.608  0.174      0.837   43.581   5.384  3.859      0.054      8.807     -0.091
16      8           0.610  0.173      0.845   50.188   6.490  4.541      0.057     -3.375     -0.097
17      8           0.615  0.172      0.849   46.202   5.799  4.944      0.046     -2.989     -0.096
18      8           0.618  0.182      0.857   47.881   5.961  5.540      0.058     -1.073     -0.092
19      8           0.615  0.171      0.834   57.552   6.678  5.819      0.054     -2.066     -0.095
20      8           0.611  0.179      0.830   54.104   6.466  5.417      0.051    -10.286     -0.098
21      8           0.614  0.177      0.877   50.961   6.233  5.405      0.048     -6.109     -0.090
22      8           0.608  0.172      0.868   54.617   6.401  6.247      0.061      3.369     -0.087
23      8           0.609  0.181      0.862   66.258   7.410  6.542      0.060      2.956     -0.092

## bottom alerts, zone = open x exp(-1.0 x typical excursion), period A
   near = share of alerts within a quarter of a typical excursion of the window's actual extreme;
   further_u = median further move after the alert, in typical excursions; fade = window close vs alert price (bp, + = price came back);
   *_edge = real minus random-sign copies (closes only)
    coins  alerts_per_day   near  further_u  fade_bp  fade_t   hour  near_edge  fade_edge  rate_edge
R                                                                                                   
0       6           0.482  0.184      0.837   72.168   5.638  8.165      0.061    -10.875     -0.117
1       6           0.494  0.197      0.828   58.374   4.402  8.546      0.059    -15.149     -0.115
2       6           0.496  0.196      0.836   57.946   4.536  9.023      0.048    -18.704     -0.112
3       6           0.496  0.178      0.832   47.458   3.906  8.341      0.065    -18.262     -0.108
4       6           0.496  0.188      0.866   61.226   4.937  8.093      0.048    -46.952     -0.105
5       6           0.491  0.181      0.866   60.808   4.658  7.553      0.041    -52.328     -0.113
6       6           0.499  0.191      0.832   57.293   4.538  7.628      0.058    -40.365     -0.103
7       6           0.493  0.174      0.847   63.704   4.913  6.883      0.050    -14.079     -0.109
8       6           0.495  0.183      0.851   70.413   5.377  6.461      0.042    -34.155     -0.115
9       6           0.494  0.177      0.861   69.558   5.622  6.196      0.034    -29.389     -0.113
10      6           0.505  0.183      0.864   66.117   5.201  5.462      0.034    -24.425     -0.114
11      6           0.499  0.187      0.837   63.624   5.050  5.457      0.048    -25.175     -0.114
12      6           0.497  0.185      0.858   48.833   3.968  5.457      0.042    -34.992     -0.107
13      6           0.501  0.182      0.873   55.989   4.586  5.393      0.052    -28.747     -0.106
14      6           0.503  0.186      0.882   57.784   4.792  5.797      0.055    -12.782     -0.099
15      6           0.495  0.183      0.836   66.465   5.686  7.193      0.065     -7.991     -0.111
16      6           0.494  0.188      0.827   81.181   6.838  7.504      0.062    -13.027     -0.118
17      6           0.497  0.188      0.786   79.368   5.741  7.713      0.068    -10.558     -0.117
18      6           0.495  0.182      0.803   71.514   5.613  7.435      0.061    -20.943     -0.107
19      6           0.493  0.191      0.786   78.314   5.901  7.697      0.068    -12.585     -0.120
20      6           0.496  0.196      0.813   73.297   6.253  7.607      0.070    -10.346     -0.117
21      6           0.490  0.191      0.790   72.781   6.387  8.688      0.083     -4.680     -0.121
22      6           0.496  0.193      0.792   79.392   6.681  8.270      0.086      8.127     -0.112
23      6           0.489  0.202      0.811   81.433   6.815  8.481      0.072     -6.583     -0.122

## bottom alerts, zone = open x exp(-1.0 x typical excursion), period B
   near = share of alerts within a quarter of a typical excursion of the window's actual extreme;
   further_u = median further move after the alert, in typical excursions; fade = window close vs alert price (bp, + = price came back);
   *_edge = real minus random-sign copies (closes only)
    coins  alerts_per_day   near  further_u  fade_bp  fade_t    hour  near_edge  fade_edge  rate_edge
R                                                                                                    
0       8           0.500  0.183      0.858   72.155   7.837   9.125      0.050     -0.385     -0.102
1       8           0.495  0.190      0.849   62.280   7.069   9.354      0.045     -4.431     -0.110
2       8           0.495  0.183      0.858   57.981   6.590  10.273      0.046     -6.518     -0.116
3       8           0.498  0.180      0.866   59.865   6.750   9.844      0.051    -10.161     -0.110
4       8           0.496  0.180      0.862   60.439   7.032   9.530      0.050     -3.332     -0.108
5       8           0.498  0.188      0.823   62.471   6.815   9.000      0.062     -0.133     -0.106
6       8           0.498  0.190      0.796   71.799   8.010   8.293      0.063      7.090     -0.112
7       8           0.498  0.187      0.823   62.483   6.920   7.688      0.060     -2.408     -0.108
8       8           0.498  0.189      0.827   66.571   7.722   7.100      0.056     -2.766     -0.113
9       8           0.492  0.194      0.807   60.366   7.212   6.255      0.065     -2.380     -0.118
10      8           0.492  0.202      0.755   73.061   7.533   6.122      0.071      1.850     -0.120
11      8           0.491  0.204      0.775   67.738   7.420   5.394      0.061     -9.131     -0.121
12      8           0.496  0.208      0.761   68.619   7.633   5.171      0.046     -8.685     -0.117
13      8           0.502  0.201      0.771   61.889   7.154   4.776      0.082      4.816     -0.099
14      8           0.498  0.178      0.793   63.246   7.455   4.915      0.066      0.102     -0.100
15      8           0.503  0.191      0.813   54.972   6.895   5.993      0.059      9.352     -0.104
16      8           0.506  0.195      0.835   60.516   7.687   6.530      0.055     -1.989     -0.108
17      8           0.505  0.187      0.818   58.817   7.005   7.080      0.070      3.865     -0.103
18      8           0.502  0.179      0.834   56.589   6.968   7.395      0.056     -0.090     -0.108
19      8           0.504  0.194      0.802   69.009   7.499   7.468      0.067     -0.657     -0.110
20      8           0.499  0.191      0.812   56.090   6.462   8.454      0.061     -7.655     -0.106
21      8           0.507  0.179      0.870   60.990   6.901   8.780      0.058     -3.673     -0.105
22      8           0.504  0.183      0.860   66.242   7.196   9.158      0.061      5.005     -0.106
23      8           0.501  0.178      0.861   71.783   7.820   9.014      0.052      0.178     -0.110

## bottom alerts, zone = open x exp(-1.25 x typical excursion), period A
   near = share of alerts within a quarter of a typical excursion of the window's actual extreme;
   further_u = median further move after the alert, in typical excursions; fade = window close vs alert price (bp, + = price came back);
   *_edge = real minus random-sign copies (closes only)
    coins  alerts_per_day   near  further_u  fade_bp  fade_t    hour  near_edge  fade_edge  rate_edge
R                                                                                                    
0       6           0.394  0.191      0.815   78.286   5.673  10.242      0.059    -22.826     -0.120
1       6           0.396  0.180      0.859   70.121   4.861  10.112      0.060    -21.325     -0.120
2       6           0.400  0.175      0.868   65.138   4.559   9.938      0.051    -18.261     -0.113
3       6           0.407  0.184      0.831   63.026   4.690   9.604      0.045    -25.979     -0.117
4       6           0.402  0.186      0.861   65.281   4.932   9.543      0.051    -56.541     -0.107
5       6           0.401  0.186      0.856   66.193   4.760   9.149      0.039    -56.390     -0.111
6       6           0.403  0.192      0.842   72.269   5.101   8.336      0.037    -50.454     -0.110
7       6           0.406  0.187      0.849   69.368   5.010   7.745      0.060    -14.275     -0.112
8       6           0.404  0.183      0.859   74.915   5.143   7.458      0.031    -37.885     -0.113
9       6           0.405  0.187      0.878   72.969   5.410   7.179      0.042    -33.042     -0.108
10      6           0.413  0.184      0.907   69.782   5.207   6.659      0.045    -26.214     -0.111
11      6           0.405  0.181      0.865   62.763   4.744   6.836      0.047    -24.318     -0.114
12      6           0.405  0.190      0.873   50.333   3.860   7.195      0.028    -33.398     -0.105
13      6           0.410  0.182      0.871   57.505   4.236   7.200      0.042    -40.955     -0.110
14      6           0.408  0.169      0.887   64.446   5.014   7.307      0.053    -13.924     -0.105
15      6           0.405  0.185      0.839   71.767   5.736   8.509      0.042    -12.718     -0.117
16      6           0.402  0.176      0.828   81.521   6.283   8.195      0.050    -16.903     -0.122
17      6           0.401  0.210      0.778   88.131   5.965   8.904      0.067    -15.695     -0.126
18      6           0.405  0.196      0.792   76.137   5.989   8.728      0.047    -22.059     -0.114
19      6           0.399  0.194      0.790   80.989   6.256   9.517      0.080    -22.190     -0.127
20      6           0.400  0.195      0.815   80.525   6.312   9.669      0.055    -17.753     -0.125
21      6           0.394  0.203      0.814   81.689   6.433  10.212      0.058    -15.355     -0.135
22      6           0.399  0.210      0.816   97.857   7.424  10.152      0.055     -8.121     -0.131
23      6           0.391  0.200      0.816   90.537   6.834  10.079      0.050    -12.300     -0.127

## bottom alerts, zone = open x exp(-1.25 x typical excursion), period B
   near = share of alerts within a quarter of a typical excursion of the window's actual extreme;
   further_u = median further move after the alert, in typical excursions; fade = window close vs alert price (bp, + = price came back);
   *_edge = real minus random-sign copies (closes only)
    coins  alerts_per_day   near  further_u  fade_bp  fade_t    hour  near_edge  fade_edge  rate_edge
R                                                                                                    
0       8           0.413  0.171      0.845   69.291   7.487  11.860      0.051      7.329     -0.106
1       8           0.405  0.173      0.874   62.164   6.401  11.407      0.046     -0.942     -0.112
2       8           0.401  0.186      0.857   66.945   6.715  11.398      0.051     -2.677     -0.113
3       8           0.406  0.185      0.860   57.051   6.478  10.980      0.053    -10.293     -0.110
4       8           0.407  0.177      0.854   70.028   7.129  10.378      0.056     -1.831     -0.109
5       8           0.404  0.188      0.813   62.647   7.121   9.833      0.063     -0.676     -0.117
6       8           0.409  0.199      0.805   77.944   8.283   9.083      0.063      1.910     -0.124
7       8           0.406  0.189      0.808   68.446   7.449   8.253      0.061     -4.772     -0.117
8       8           0.406  0.202      0.829   78.272   8.633   8.003      0.052     -5.659     -0.118
9       8           0.399  0.210      0.819   69.947   7.792   7.094      0.054     -2.923     -0.125
10      8           0.391  0.211      0.755   70.755   7.767   7.387      0.068     -2.335     -0.129
11      8           0.395  0.199      0.791   70.562   7.512   6.945      0.043     -9.715     -0.121
12      8           0.397  0.193      0.784   65.851   7.256   6.296      0.065     -0.626     -0.113
13      8           0.403  0.197      0.779   64.104   7.014   5.984      0.064     -4.021     -0.113
14      8           0.413  0.208      0.786   68.166   7.722   6.319      0.074     -3.646     -0.108
15      8           0.406  0.194      0.828   71.687   8.000   7.599      0.064     10.684     -0.105
16      8           0.409  0.186      0.835   64.304   7.576   7.908      0.052     -0.567     -0.111
17      8           0.415  0.199      0.822   66.693   7.915   8.496      0.059      0.254     -0.114
18      8           0.411  0.194      0.819   71.857   8.046   8.922      0.062      1.823     -0.113
19      8           0.405  0.198      0.810   68.538   7.578   9.621      0.054      1.054     -0.120
20      8           0.407  0.199      0.819   60.926   6.816  10.986      0.055    -11.797     -0.113
21      8           0.413  0.180      0.842   66.527   7.290  10.909      0.044     -4.510     -0.115
22      8           0.412  0.190      0.862   73.078   7.929  10.998      0.038      5.150     -0.121
23      8           0.408  0.183      0.837   72.588   7.813  11.311      0.046      3.975     -0.118
