14,904 prints, 14,871 scored, 442 coins, 2024-01-31 to 2026-10-01

## All
bucket     n  days  mean      t     A     B  fell  rip20  exc72   med
   all 14871   959 -2.74 -10.08 -1.68 -2.41 69.96   6.74  -3.36 -4.78
  thin  6505   693 -3.36  -7.66 -0.63 -3.26 73.85   7.44  -4.54 -5.90
   mid  8366   927 -2.68  -9.38 -1.92 -1.21 66.94   6.19  -2.44 -3.94

## run24Z (how far the last 24h ran, own-vol units)
     bucket    n  days  mean     t     A     B  fell  rip20  exc72    med
[-inf, 2.5) 5500   939 -1.79 -7.41 -1.05 -1.98 69.29   4.13  -2.00  -3.61
 [2.5, 3.5) 3294   825 -2.19 -5.93 -1.58 -1.90 69.98   6.34  -1.73  -4.41
 [3.5, 4.5) 2326   717 -2.77 -5.23 -1.22 -2.66 69.99   7.87  -2.29  -5.94
   [4.5, 6) 1952   610 -3.65 -4.75 -2.26 -3.87 70.39   8.20  -5.61  -7.72
     [6, 8) 1213   432 -4.25 -3.20 -3.73 -1.39 71.72  12.28  -7.79  -9.56
   [8, inf)  586   234 -6.57 -2.85 -7.36 -4.84 70.99  12.63 -12.76 -12.38

## barZ
   bucket    n  days  mean     t     A     B  fell  rip20  exc72   med
[-inf, 3)  398   262 -4.50 -4.13  0.10 -5.52 72.86   7.79  -7.94 -6.49
   [3, 4) 3351   824 -2.38 -7.11 -1.41 -1.51 67.35   5.73  -2.46 -3.82
   [4, 6) 4948   894 -1.87 -4.75 -1.06 -1.32 68.23   6.33  -2.30 -3.94
   [6, 8) 2509   770 -2.25 -4.84 -1.86 -2.02 70.47   7.17  -3.05 -4.74
 [8, inf) 3665   808 -4.48 -9.68 -2.99 -4.40 74.02   7.80  -5.31 -7.64

## volZ
   bucket    n  days  mean     t     A     B  fell  rip20  exc72   med
[-inf, 3) 1301   572 -3.20 -6.32 -1.99 -3.61 73.02   5.76  -4.40 -5.36
 [3, 3.5) 4284   831 -1.92 -5.46 -1.24 -0.78 66.67   6.51  -1.47 -3.53
 [3.5, 4) 3545   803 -2.23 -5.69 -0.80 -1.89 68.01   6.94  -2.74 -4.21
 [4, 4.5) 2368   733 -3.07 -6.23 -2.10 -2.78 71.11   6.33  -3.86 -5.28
 [4.5, 5) 1458   622 -3.58 -5.98 -1.88 -4.37 74.01   7.20  -4.52 -6.13
 [5, inf) 1915   608 -5.45 -9.97 -3.10 -4.61 74.36   7.68  -6.49 -7.42

## streak: prints by this coin in the prior 72h
bucket    n  days  mean     t     A     B  fell  rip20  exc72   med
 first 6956   941 -1.94 -9.23 -1.40 -2.22 69.65   4.44  -2.31 -3.81
     1 3090   842 -2.70 -6.90 -2.08 -2.70 71.62   6.28  -3.05 -5.42
   2-3 2739   731 -2.74 -4.52 -1.77 -2.42 70.28   8.21  -3.58 -6.35
   4-7 1647   504 -4.25 -4.68 -1.89 -1.56 68.79  12.81  -5.85 -8.15
    8+  439   171 -8.62 -5.08 -2.08 -6.27 65.60  14.35 -11.45 -9.41

## vol24_x: last 24h volume / (24 x 30d median hour)
   bucket    n  days  mean     t     A     B  fell  rip20  exc72    med
   [0, 3) 2508   794 -1.50 -5.59 -0.89 -1.33 66.55   3.31  -0.97  -2.78
   [3, 6) 3547   861 -1.34 -3.47 -0.81 -1.22 67.32   5.13  -1.35  -3.63
  [6, 12) 3399   812 -2.16 -5.94 -1.58 -1.78 70.26   6.62  -2.33  -4.96
 [12, 25) 2603   716 -4.00 -7.74 -2.96 -3.28 73.57   7.72  -4.12  -7.16
 [25, 50) 1500   544 -2.99 -3.06 -2.29 -3.18 71.87   9.80  -5.57  -8.55
[50, inf) 1314   398 -7.48 -6.93 -3.64 -5.82 73.52  12.48 -11.97 -12.25

## dd365: price vs 1y high
       bucket    n  days  mean     t     A     B  fell  rip20  exc72   med
 [-inf, -0.9) 1258   378 -2.67 -2.90 -0.28 -2.99 73.77   5.80  -3.86 -5.65
[-0.9, -0.75) 4774   637 -2.46 -6.01  2.31 -2.53 70.47   7.00  -3.13 -4.98
[-0.75, -0.5) 5001   798 -3.59 -9.69 -2.79 -2.95 71.95   5.20  -4.26 -4.61
[-0.5, -0.25) 1496   480 -4.06 -4.79 -2.83 -1.51 69.72   6.82  -3.23 -4.69
 [-0.25, inf)  695   243 -4.83 -3.45 -3.98  2.24 62.88  12.37  -0.71 -5.22

## brk90: price vs prior 90d high (>0 = new 90d high)
       bucket    n  days   mean     t      A      B  fell  rip20  exc72    med
 [-inf, -0.5) 2804   570  -2.29 -4.51   1.13  -2.40 69.79   7.28  -2.37  -4.86
[-0.5, -0.25) 4947   817  -2.87 -8.58  -2.36  -2.86 72.63   5.07  -3.83  -4.95
   [-0.25, 0) 4161   727  -3.86 -9.37  -2.76  -2.47 70.27   6.20  -3.34  -4.44
    [0, 0.25) 2873   483  -3.42 -4.26  -1.37  -0.48 64.74   9.89  -2.89  -4.65
  [0.25, inf)   86    78 -17.37 -6.33 -10.26 -19.84 81.40   5.81 -24.41 -17.00

## ret30d
      bucket    n  days  mean     t     A     B  fell  rip20  exc72   med
[-inf, -0.2) 1533   431 -1.74 -2.39  1.60 -2.26 69.67   6.39  -2.95 -4.59
   [-0.2, 0) 2944   682 -2.37 -5.89 -1.66 -2.45 71.40   4.69  -2.93 -4.50
   [0, 0.25) 4618   790 -2.57 -7.18 -1.98 -1.83 70.59   5.67  -2.04 -4.22
 [0.25, 0.5) 2657   632 -2.69 -4.20 -1.82 -2.64 69.67   6.59  -3.44 -4.92
    [0.5, 1) 2025   522 -4.65 -6.08 -2.24 -3.91 68.54   8.94  -4.25 -6.33
    [1, inf) 1094   333 -6.50 -4.47 -2.78 -2.17 67.18  13.53  -8.79 -8.55

## taker-buy share of the print bar
      bucket    n  days  mean     t     A     B  fell  rip20  exc72   med
   [0, 0.45)  352   254 -2.11 -2.82  0.09 -2.52 63.64   5.11  -1.67 -3.30
[0.45, 0.55) 9306   938 -3.03 -8.15 -1.69 -2.88 70.96   7.57  -4.24 -5.59
[0.55, 0.65) 4744   872 -2.15 -6.71 -1.80 -1.75 69.16   5.46  -2.01 -4.05
[0.65, 1.01)  469   302 -0.13 -0.20 -0.95  0.64 62.90   4.48  -0.82 -2.59

## perp_x: 24h perp volume / spot volume
  bucket    n  days  mean      t     A     B  fell  rip20  exc72   med
  [0, 1)  938   418 -5.89 -13.54 -4.73 -5.44 79.21   4.16  -7.40 -6.61
  [1, 3) 2949   656 -2.13  -7.12 -1.23 -2.30 69.18   4.31  -2.41 -3.93
 [3, 10) 8175   873 -2.67  -8.94 -1.23 -2.70 69.32   6.69  -3.34 -4.65
[10, 30)  770   297 -3.50  -2.43  4.36 -0.42 66.10  15.19  -6.12 -6.72

## funding at print (8h rate)
            bucket    n  days  mean     t     A     B  fell  rip20  exc72   med
   [-inf, -0.0005) 2596   596 -4.66 -8.20  0.23 -4.73 74.23   9.51  -7.03 -8.23
[-0.0005, -0.0001) 1224   486 -3.40 -6.11 -1.78 -2.72 68.79   6.37  -3.52 -5.08
 [-0.0001, 0.0001) 7685   874 -2.16 -7.59 -2.10 -1.58 69.06   5.35  -2.45 -3.94
  [0.0001, 0.0005)  712   130 -3.91 -2.89 -0.52 -6.53 61.38   7.02  -0.78 -3.44
     [0.0005, inf)  270    60 -0.19 -0.04 -1.92  8.21 64.44   9.63  -3.87 -4.23

## market 72h before
       bucket    n  days  mean     t     A     B  fell  rip20  exc72   med
[-inf, -0.05) 1671   274 -4.40 -7.90 -2.76 -3.92 71.15   6.70  -4.30 -6.22
   [-0.05, 0) 3551   489 -2.30 -4.04 -2.12 -2.10 71.16   7.55  -3.13 -5.32
    [0, 0.05) 4912   547 -2.83 -6.96 -2.25 -2.51 71.25   6.62  -4.07 -5.04
  [0.05, inf) 4737   334 -2.12 -4.62 -0.90 -1.97 67.30   6.27  -2.46 -3.83

## mcap proxy (current supply x price), log10 $
   bucket    n  days  mean      t     A     B  fell  rip20  exc72   med
    <$32M 2378   450 -2.93  -5.34  1.16 -2.25 72.96   9.00  -2.32 -6.09
 $32-100M 3574   707 -3.30  -6.26 -1.31 -2.65 72.92   7.13  -5.67 -5.83
$100-316M 3544   795 -3.74 -12.22 -2.62 -3.24 71.90   4.99  -4.21 -4.44
 $316M-1B 1934   542 -2.14  -5.82 -0.63 -0.45 62.10   6.88  -0.41 -2.74
     >$1B  845   296 -1.38  -2.79 -1.31  0.98 57.04   5.33   0.57 -1.87

## turnover proxy: 24h Binance spot vol / mcap proxy
      bucket    n  days  mean     t     A     B  fell  rip20  exc72    med
   [0, 0.05) 4802   859 -1.86 -8.32 -0.79 -1.31 65.89   3.89  -0.93  -2.87
[0.05, 0.15) 3693   814 -2.95 -7.98 -2.19 -2.19 72.52   6.34  -3.16  -5.53
 [0.15, 0.5) 2675   694 -3.66 -5.97 -2.95 -2.48 72.75   9.57  -5.71  -7.86
  [0.5, 1.5)  908   333 -5.94 -5.64 -2.25 -4.77 71.48  12.33  -8.94 -10.67
  [1.5, inf)  197    90 -6.48 -2.27  4.74 -6.53 68.53  17.77  -7.56 -11.61

## turnover (real CoinGecko mcap, last 365d only)
      bucket  n  days  mean     t   A     B  fell  rip20  exc72   med
   [0, 0.05) 41    31  1.50  0.89 NaN  1.83 48.78   7.32   4.37 -1.80
[0.05, 0.15) 42    30 -2.29 -1.03 NaN -1.61 69.05   9.52  -6.87 -4.00
 [0.15, 0.5) 35    19 -1.97 -0.56 NaN  2.74 57.14  20.00  -8.26 -3.59

## coin's own record (mean 24h excess of >=3 earlier prints)
       bucket    n  days  mean      t     A     B  fell  rip20  exc72   med
[-inf, -0.05) 4154   809 -3.83 -10.01 -2.83 -3.29 73.18   7.10  -4.49 -6.20
   [-0.05, 0) 6049   871 -3.39 -10.87 -2.23 -2.94 71.81   5.74  -3.75 -4.65
    [0, 0.05) 1846   577 -2.08  -3.08  1.05  0.28 66.36   8.88  -0.52 -3.85
  [0.05, inf) 1079   431 -3.74  -6.76 -1.13 -2.91 67.28   8.43  -2.73 -4.82
